-4 180
3 0.5
3 0.5
3 0.5
3+ 0.5
3+ 0.5
3+ 0.5
3 0.5
3 0.5
3 0.5
3+ 0.5
3+ 0.5
3+ 0.5
3 0.5
3+ 0.5
3+ 0.5
3 0.5
3+ 0.5
3+ 1
3 0.5
3+ 0.5
3+ 0.5
2+ 0.5
1+ 0.5
1+ 0.5
7 0.5
6 0.5
5# 0.5
6 0.5
7 0.5
3 0.5
3 0.5
4 0.5
3 0.5
2 0.5
1 0.5
1 0.5
7- 0.5
6- 0.5
5#- 0.5
6- 0.5
7- 1
3 0.5
3+ 0.5
3+ 0.5
2+ 0.5
1+ 0.5
1+ 0.5
7 0.5
6 0.5
5# 0.5
6 0.5
7 0.5
3 0.5
3 0.5
4 0.5
3 0.5
2# 0.5
3 0.5
6 0.25
1+ 0.25
3+ 0.5
3 0.5
5# 0.25
7 0.25
3+ 0.5
6 1
3 0.5
3+ 0.5
3+ 0.5
2+ 0.5
1+ 0.5
1+ 0.5
7 0.5
6 0.5
5# 0.5
6 0.5
7 0.5
3 0.5
3 0.5
4 0.5
3 0.5
2 0.5
1 0.5
1 0.5
7- 0.5
6- 0.5
5#- 0.5
6- 0.5
7- 1
3 0.5
3+ 0.5
3+ 0.5
2+ 0.5
1+ 0.5
1+ 0.5
7 0.5
6 0.5
5# 0.5
6 0.5
7 0.5
3 0.5
3 0.5
4 0.5
3 0.5
2# 0.5
3 0.5
6 0.25
1+ 0.25
3+ 0.5
3 0.5
5# 0.25
7 0.25
3+ 0.5
6 1
