3 0.5
1 0.5
3 0.5
1 0.5
4 0.5
1 0.5
4 0.5
1 0.5
5 0.5
1 0.5
5 0.5
1 0.5
4 0.5
1 0.5
4 0.5
1 0.5
3 0.5
1 0.5
3 0.5
1 0.5
4 0.5
1 0.5
4 0.5
1 0.5
5 0.5
1 0.5
5 0.5
1 0.5
4 0.5
1 0.5
4 1
5 1
3 1
1 1
5 1
5 0.5
6 0.5
5 0.5
4 0.5
5 1
5 0.5
1+ 0.5
7b 1
7b 0.5
6 0.5
5 1
4 1
3 1
4 1
5 2
5 1
3 1
1 1
5 1
5 0.5
6 0.5
5 0.5
4 0.5
5 1
6 0.5
7b 0.5
1+ 1
4 0.5
3 0.5
4 1
1+ 1
7b 1
6 1
5 1
3 0.5
4 0.5
5 1
5 0.5
5 0.5
4 1
4 1
3 0.5
3 0.5
3 0.5
3 0.5
2 1
2 1
1 1
1 0.5
1 0.5
2 1
2 1
3 1
4 1
5 2
5 1
5 0.5
5 0.5
4 1
5 1
6 0.5
6 0.5
6 0.5
7b 0.5
1+ 1
7b 0.5
6 0.5
5 1.5
4 0.5
3 1
2 1
1 4
5 1
3 1
1 1
5 1
5 0.5
6 0.5
5 0.5
4 0.5
5 1
5 0.5
1+ 0.5
7b 1
7b 0.5
6 0.5
5 1
4 1
3 1
4 1
5 2
5 1
3 1
1 1
5 1
5 0.5
6 0.5
5 0.5
4 0.5
5 1
6 0.5
7b 0.5
1+ 1
4 0.5
3 0.5
4 1
1+ 1
7b 1
6 1
5 2
1+ 0.5
5 0.5
1+ 0.5
5 0.5
7b 0.5
5 0.5
7b 0.5
5 0.5
6 0.5
4 0.5
6 0.5
4 0.5
5 0.5
3 0.5
5 0.5
3 0.5
4 0.5
7b- 0.5
4 0.5
7b- 0.5
3 0.5
1 0.5
3 0.5
1 0.5
4 0.5
7b- 0.5
4 0.5
7b- 0.5
5 0.5
1 0.5
5 1
1+ 0.5
5 0.5
1+ 0.5
5 0.5
7b 0.5
5 0.5
7b 0
