-3 190
6- 1
1 0.5
7- 0.5
2 0.5
1 0.5
7- 0.5
6- 0.5
1 0.5
6- 0.5
6b- 0.5
6- 0.5
7- 0.5
6b- 0.5
5b- 0.5
6b- 0.5
6- 1
1 0.5
7- 0.5
2 0.5
1 0.5
3 0.5
2 0.5
2 0.5
4 0.5
3 0.5
2 0.5
3 0.5
6 0.5
6b 1
6- 1
1 0.5
7- 0.5
2 0.5
1 0.5
7- 0.5
6- 0.5
1 0.5
6- 0.5
2 1
1# 0.5
2 0.5
3 1
2 0.5
4 0.5
2 0.5
4 0.5
7 2
6 4
6b 4
6- 0.5
6- 0.5
1 0.5
1 0.5
3 0.5
3 0.5
6b 0.5
6b 0.5
6 1
6- 0.5
6- 0.5
6- 0.5
6- 0.5
3- 1
6- 1
6- 0.5
6- 0.5
6- 0.5
6- 0.5
3- 1
6- 1
6- 0.5
6- 0.5
6- 0.5
6- 0.5
3- 1
6- 1
6- 0.5
6- 0.5
6- 0.5
6- 0.5
6- 0.25
1 0.25
3 0.25
5# 0.25
6 1
6 0.33
6 0.33
6 0.33
7b 0.33
7b 0.33
7b 0.33
5 0.33
5 0.33
5 0.33
6 0.5
3 0.5
4 0.5
2 0.5
1 0.75
3 0.25
6 0.25
7 0.25
1+ 0.25
3+ 0.25
4+ 0.25
2+ 0.25
7b 0.25
4 0.25
7b+ 0.25
4+ 0.25
2+ 0.25
7b 0.25
2+ 0.25
7b 0.25
4 0.25
2 0.25
7b- 0.25
2 0.25
4 0.25
7b 0.25
2+ 0.25
7b 0.25
2+ 0.25
7b 0.25
3+ 0.25
5+ 0.25
7+ 0.25
7+ 0.25
6+ 0.25
6+ 0.25
6+ 0.25
6+ 0.25
6+ 0.25
6+ 0.25
6+ 0.25
6+ 0.25
