0 163
6- 4
1 4
7- 4
5- 2
2 2
6- 4
1 4
7- 4
2 4
6- 0.5
3 0.25
3b 0.25
3 0.5
4 0.25
3 0.25
1 0.25
2 0.25
3 0.25
7- 0.25
6- 0.5
5#- 0.5
6- 0.5
3 0.25
3b 0.25
3 0.5
4 0.25
3 0.25
1 0.25
2 0.25
3 0.25
6 0.25
1 0.5
7- 0.5
6- 0.5
3 0.25 
3b 0.25
3 0.5
4 0.25
3 0.25
1 0.25
2 0.25
3 0.25
7- 0.25
6- 0.5
5#- 0.5
6- 0.5
4- 0.25
6- 0.25
7- 0.25
6- 0.25
7- 0.25
1 0.25
3 0.25
4 0.25
3 0.25
2# 0.25
3 0.25
6- 0.25
7- 0.5
6- 0.5
3 0.25
3b 0.25
3 0.5
4 0.25
3 0.25
1 0.25
2 0.25
3 0.25
7- 0.25
6- 0.5
5#- 0.5
6- 0.5
3 0.25
3b 0.25
3 0.5
4 0.25
3 0.25
1 0.25
2 0.25
3 0.25
6 0.25
4 0.25
3 0.25
3b 0.5
6- 0.5
3 0.25
3b 0.25
3 0.5
6- 0.5
3 0.25
3b 0.25
3 0.5
1 0.25
2 0.25
3 0.25
7- 0.25
6- 2
0 2
6- 1
0 1
3 1
0 1
2# 1
0 1
3 1
0 1
6- 1
0 1
3 1
0 1
4 1
0 1
2# 1
0 1
6- 1
0 1
3 1
0 1
2# 1
0 1
3 1
0 1
4 2
0 2
3 2
0 2
6- 0.5
3- 0.5
6- 0.5
7- 0.5
1 1
7- 1
6- 0.5
3- 0.5
6- 0.5
7- 0.5
4- 0.5
4- 0.25
5- 0.125
4- 0.125
3- 0.5
5#- 0.5
6- 0.5
3- 0.5
6- 0.5
7- 0.5
1 1
7- 1
6- 0.5
3- 0.5
6- 0.5
7- 0.5
1 0.25
2 0.25
3 0.25
1 0.25
7- 0.25
1 0.25
7- 0.25
1 0.25
6- 0.5
3- 0.5
6- 0.5
7- 0.5
1 1
7- 1
6- 0.5
3- 0.5
6- 0.5
7- 0.5
4- 0.5
4- 0.25
5- 0.125
4- 0.125
3- 0.5
5#- 0.5
6- 0.5
3- 0.5
6- 0.5
7- 0.5
1 0.5
6- 0.5
7- 0.5
1 0.5
3 0.5
3 0.125
4 0.125
3 0.25
2 0.5
2 0.125
3 0.125
2 0.5
1 0.5
1 0.125
2 0.125
1 0.25
5#- 0.25
6- 0.25
7- 0.25
1 0.25
6- 0.5
3- 0.5
6- 0.5
7- 0.5
1 1
7- 1
6- 0.5
3- 0.5
6- 0.5
7- 0.5
4- 0.5
4- 0.25
5- 0.125
4- 0.125
3- 0.5
5#- 0.5
6- 0.5
3- 0.5
6- 0.5
7- 0.5
1 1
7- 1
6- 0.5
3- 0.5
6- 0.5
7- 0.5
1 0.25
2 0.25
1 0.25
6- 0.25
7- 0.25
1 0.25
7- 0.5
6- 0.5
3- 0.5
6- 0.5
7- 0.5
1 1
7- 1
6- 0.5
3- 0.5
6- 0.5
7- 0.5
4- 0.5
4- 0.25
5- 0.125
4- 0.125
3- 0.5
5#- 0.5
6- 0.5
3- 0.5
6- 0.5
7- 0.5
1 0.5
6- 0.5
7- 0.5
1 0.5
7- 0.25
3- 0.25
5#- 0.25
7- 0.25
5#- 0.25
7- 0.25
2 0.25
3 0.25
5#- 0.25
3 0.25
5# 0.25
3 0.25
2 0.25
1 0.25
7- 0.25
5#- 0.25
6- 0.75
3- 0.75
6- 0.5
7- 0.75
1 0.75
2 0.5
3 0.75
2 0.75
1 0.5
7- 0.5
7- 0.25
1 0.125
7- 0.125
5#- 1
6- 0.75
4- 0.75
6- 0.5
7- 0.75
1 0.75
2 0.5
3 0.75
2 0.75
1 0.5
7- 0.5
7- 0.25
1 0.125
7- 0.125
6- 0.25
7- 0.25
5 0.25
3 0.25
6- 0.75
4- 0.75
6- 0.5
7- 0.75
1 0.75
2 0.5
3 0.75
2 0.75
1 0.5
7- 0.5
7- 0.25
1 0.125
7- 0.125
5#- 1
6- 0.75
3- 0.75
6- 0.5
7- 0.75
1 0.75
2 0.5
3 0.5
5#- 0.25
2 0.5
5#- 0.25
1 0.5
7- 0.25
1 0.25
2 0.25
7- 0.25
5#- 0.25
6- 0.25
7- 0.25
1 0.25
6- 0.75
3- 0.75
6- 0.5
7- 0.75
1 0.75
2 0.5
3 0.75
2 0.75
1 0.5
7- 0.5
7- 0.25
1 0.125
7- 0.125
5#- 1
6- 0.75
4- 0.75
6- 0.5
7- 0.75
1 0.75
2 0.5
3 0.75
2 0.75
1 0.5
7- 0.5
7- 0.25
1 0.125
7- 0.125
6- 0.25
7- 0.25
5 0.25
3 0.25
6- 0.75
4- 0.75
6- 0.5
7- 0.75
1 0.75
2 0.5
3 0.75
2 0.75
1 0.5
7- 0.5
7- 0.25
1 0.125
7- 0.125
5#- 1
6- 0.75
3- 0.75
6- 0.5
7- 0.75
1 0.75
2 0.5
3 0.5
5#- 0.25
2 0.5
5#- 0.25
1 0.5
7- 0.25
1 0.25
2 0.25
7- 0.25
5#- 0.25
7- 0.25
3 0.25
5# 0.25
6 7.5
0 0.5
6 7.5
0 0.5
5#- 1
6- 1
6#- 1
7- 1
1 1
1# 1
2 1
2# 1
3 1
4 1
4# 1
5 1
0 4
6- 0.75
6- 0.75
7- 0.25
1 0.25
6- 0.75
6- 0.75
7- 0.25
1 0.25
6- 0.75
6- 0.75
7- 0.25
1 0.25
6-  0.667
6- 0.333
3- 1
6- 0.75
6- 0.75
7- 0.25
1 0.25
6- 0.75
6- 0.75
7- 0.25
1 0.25
6- 0.75
6- 0.75
7- 0.25
1 0.25
2 0.667
1 0.333
7- 0.333
1 0.333
7- 0.333
6- 0.75
6- 0.75
7- 0.25
1 0.25
6- 0.75
6- 0.75
7- 0.25
1 0.25
6- 0.75
6- 0.75
7- 0.25
1 0.25
6-  0.667
6- 0.333
3- 1
6- 0.75
6- 0.75
7- 0.25
1 0.25
6- 0.75
6- 0.75
7- 0.25
1 0.25
3 0.333
4 0.333
3 0.333
2 0.333
3 0.333
2 0.333
1 0.5
6- 0.25
1 0.25
7- 0.5
5#- 0.25
7- 0.25
6- 0.75
6- 0.75
7- 0.25
1 0.25
6- 0.75
6- 0.75
7- 0.25
1 0.25
6- 0.5
3 0.5
0 0.5
3 0.5
0 0.5
3 0.5
0 0.5
3 0.5
6- 0.75
6- 0.75
7- 0.25
1 0.25
6- 0.75
6- 0.75
7- 0.25
1 0.25
6- 0.5
4 0.5
0 0.5
4 0.5
0 0.5
4 0.5
0 0.5
4 0.5
6- 0.75
6- 0.75
7- 0.25
1 0.25
6- 0.75
6- 0.75
7- 0.25
1 0.25
6- 0.5
4# 0.5
0 0.5
4# 0.5
0 0.5
4# 0.5
0 0.5
4# 0.5
6- 0.75
6- 0.75
7- 0.25
1 0.25
6- 0.75
6- 0.75
7- 0.25
1 0.25
6- 0.5
6- 0.5
6- 0.5
6- 0.5
6- 0.25
6- 0.25
6- 0.25
6- 0.25
6- 0.25
6- 0.25
6- 0.25
6- 0.25
6- 0.75
3- 0.75
6- 0.5
7- 0.75
1 0.75
2 0.5
3 0.75
2 0.75
1 0.5
7- 0.5
7- 0.25
1 0.125
7- 0.125
5#- 1
6- 0.75
4- 0.75
6- 0.5
7- 0.75
1 0.75
2 0.5
3 0.75
2 0.75
1 0.5
7- 0.5
7- 0.25
1 0.125
7- 0.125
6- 0.25
7- 0.25
5 0.25
3 0.25
6- 0.75
4- 0.75
6- 0.5
7- 0.75
1 0.75
2 0.5
3 0.75
2 0.75
1 0.5
7- 0.5
7- 0.25
1 0.125
7- 0.125
5#- 1
6- 0.75
3- 0.75
6- 0.5
7- 0.75
1 0.75
2 0.5
3 0.5
3 0.5
3 0.5
3 0.5
3 0.25
3 0.25
3 0.25
3 0.25
3 0.25
3 0.25
3 0.25
3 0.25
6- 0.75
3- 0.75
6- 0.5
7- 0.75
1 0.75
2 0.5
3 0.75
2 0.75
1 0.5
7- 0.5
7- 0.25
1 0.125
7- 0.125
5#- 1
6- 0.75
4- 0.75
6- 0.5
7- 0.75
1 0.75
2 0.5
3 0.75
2 0.75
1 0.5
7- 0.5
7- 0.25
1 0.125
7- 0.125
6- 0.25
7- 0.25
5 0.25
3 0.25
6- 0.75
4- 0.75
6- 0.5
7- 0.75
1 0.75
2 0.5
3 0.75
2 0.75
1 0.5
7- 0.5
7- 0.25
1 0.125
7- 0.125
5#- 1
6- 0.75
3- 0.75
6- 0.5
7- 0.75
1 0.75
2 0.5
3 0.25
3 0.25
3 0.25
3 0.25
3 0.25
3 0.25
3 0.25
3 0.25
3 0.25
3 0.25
3 0.25
3 0.25
3 0.25
3 0.25
3 0.25
3 0.25
6- 0.5
3 0.25
3b 0.25
3 0.5
4 0.25
3 0.25
1 0.25
2 0.25
3 0.25
7- 0.25
6- 0.5
5#- 0.5
6- 0.5
3 0.25
3b 0.25
3 0.5
4 0.25
3 0.25
1 0.25
2 0.25
3 0.25
6 0.25
1 0.5
7- 0.5
6- 0.5
3 0.25 
3b 0.25
3 0.5
4 0.25
3 0.25
1 0.25
2 0.25
3 0.25
7- 0.25
6- 0.5
5#- 0.5
6- 0.5
4- 0.25
6- 0.25
7- 0.25
6- 0.25
7- 0.25
1 0.25
3 0.25
4 0.25
3 0.25
2# 0.25
3 0.25
6- 0.25
7- 0.5
6- 0.5
3 0.25
3b 0.25
3 0.5
4 0.25
3 0.25
1 0.25
2 0.25
3 0.25
7- 0.25
6- 0.5
5#- 0.5
6- 0.5
3 0.25
3b 0.25
3 0.5
4 0.25
3 0.25
1 0.25
2 0.25
3 0.25
6 0.25
4 0.25
3 0.25
3b 0.5
6- 0.5
3 0.25
3b 0.25
3 0.5
6- 0.5
3 0.25
3b 0.25
3 0.5
1 0.25
2 0.25
3 0.25
7- 0.25
6- 0.5
4- 0.25
6- 0.25
7- 0.25
6- 0.25
7- 0.25
1 0.25
3 0.25
4 0.25
3 0.25
2# 0.25
3 0.25
6- 0.25
7- 0.5
0 4
3- 0.25
5#- 0.25
7- 0.25
3- 0.25
5#- 0.25
7- 0.25
2 0.25
5#- 0.25
7- 0.25
2 0.25
3 0.25
3- 0.25
7- 0.25
2 0.25
3 0.25
5# 0.25
6 2
